10
20
30
40
50
60
70
130
220
240
280
320
340
360
3830
7110
6910
6980
4540
4550
4500
12160
12140
12150
12100
12110
12120
12170
12180
12230
12240
12250
7670
13200
13210
13230
13240
13250
13520
16600
7650
7660
7730
7760
7770
19900
17300
17330
17340
20900
500
12200
3560
18500
12210
17460
17480
17410
24740
22200
1250
35420
3590
3900
3990
8800
16810
34440
34450
34460
22320
22330
17390
17440
24720
21660
35700
29650
1500
9500
12900
16300
20710
22000
26800
26900
27000
29160
29180
15520
32370
21690
6020
6030
32380
32390
32400
20500
25700
23490
40300
8980
17450
41500
10180
10190
550
223530
45700
45300
3730
41700
8850
20820
43110
42120
8190
35140
12220
49600
400
42640
32470
13600
33320
41000
42650
2620
2630
2640
7940
10090
33900
33930
219540
42670
24780
45740
70400
57300
22600
70300
3170
25900
63910
8930
32360
32460
50620
47790
47830
67000
32500
34270
63700
58540
219780
41730
22100
48700
31280
20920
40800
63500
9010
16450
21090
21110
21120
31290
94500
94510
94520
94530
2760
42910
47780
47890
7520
99810
620
39120
63710
80200
15100
15120
21980
34330
55040
55100
91900
63200
63000
91600
91200
13560
13570
13580
33220
97100
8200
8210
8220
8240
8250
8260
8270
8280
8290
8300
31220
31230
31240
31250
31260
72200
105600
44320
321040
98200
91700
55110
94200
21100
19680
22650
33230
48190
72850
28050
55150
98400
35450
236830
24240
17710
113200
71340
102600
201870
9200
200900
99300
98800
67370
22380
108710
207320
207490
204880
207170
102500
207610
207350
21170
57400
200260
206210
211420
209080
50650
213120
730
208580
211260
204300
212680
204360
207210
49520
200710
219150
200510
214560
219640
232210
211400
4720
55230
208480
220240
218680
45760
204100
214510
221640
228280
212480
220440
223810
223870
231200
238960
227100
224820
225260
203160
221380
233740
8870
233450
203770
228260
6850
6860
6900
203140
205930
233720
113020
219740
322330
234650
233270
204450
238210
43160
222480
206190
241600
35720
233980
242920
243120
208140
39140
34190
71250
200940
202530
203650
213610
229660
237110
246900
255520
265210
218620
234080
239030
242550
209000
239070
239350
222940
232430
235600
249590
239820
238320
239200
206420
244730
250180
250320
250700
250760
237740
207140
251150
251630
251730
252030
252410
208610
245170
205100
255480
249130
255870
234670
247660
22120
22140
22180
242050
233130
249330
257350
213670
238010
245470
94400
221910
261030
246580
219830
261570
261640
263620
264140
264200
248820
242700
108600
265300
266210
233150
266840
39150
211820
367540
267530
221100
230230
373420
235460
236430
232790
237990
272470
260210
274170
274190
278080
278930
246620
283680
214830
240970
254700
292030
201810
256290
294810
294860
289130
298110
238460
237930
300380
292120
286690
287390
241930
244160
310790
240760
259130
404730
249190
268050
214490
258520
400430
265550
287450
323320
282350
308420
282070
222420
250900
246070
345180
287290
291650
350080
255710
357410
232090
232150
377160
388410
391540
